90,5
90,4
90,3
90,2
90,1
89,5
89,4
89,3
89,2
89,1
88,5
88,4
88,3
88,2
88,1
87,5
87,4
87,3
87,2
87,1
86,8
86,7
86,6
86,5
86,4
86,3
86,2
86,1
4294967278,408
4294967278,407
4294967279,467
85,5
85,4
85,3
85,2
85,1
84,5
84,4
84,3
84,2
84,1
83,5
83,4
83,3
83,2
83,1
82,5
82,4
82,3
82,2
82,1
81,6
81,5
81,4
81,3
81,2
81,1
80,8
80,7
80,6
80,5
80,4
80,3
80,2
80,1
79,5
79,4
79,3
79,2
79,1
4294967279,466
4294967279,465
4294967278,406
78,5
78,4
78,3
78,2
78,1
77,5
77,4
77,3
77,2
77,1
76,5
76,4
76,3
76,2
76,1
75,5
75,4
75,3
75,2
75,1
74,6
74,5
74,4
74,3
74,2
74,1
73,8
73,7
73,6
73,5
73,4
73,3
73,2
73,1
72,5
72,4
72,3
72,2
72,1
4294967279,464
4294967278,398
4294967278,397
4294967279,463
4294967278,396
4294967293,131
4294967293,130
4294967293,129
4294967293,128
4294967293,127
4294967293,126
4294967293,125
4294967293,124
4294967293,123
4294967293,122
4294967293,121
4294967293,120
4294967293,119
4294967293,118
4294967293,117
4294967293,116
4294967293,115
4294967293,114
4294967293,113
4294967293,112
4294967293,111
4294967293,110
4294967293,109
4294967293,108
4294967293,107
4294967293,106
4294967293,105
4294967293,104
4294967293,103
4294967293,102
4294967293,101
4294967293,100
4294967293,99
4294967293,98
4294967293,97
4294967293,96
4294967293,95
4294967293,94
4294967293,93
4294967293,92
4294967293,91
4294967293,90
4294967293,89
4294967293,88
4294967293,87
4294967293,86
4294967293,85
4294967293,84
4294967293,83
4294967293,82
4294967293,81
4294967293,80
4294967293,79
4294967293,78
4294967293,77
4294967293,76
4294967293,75
4294967293,74
4294967293,73
4294967293,72
4294967293,71
4294967293,70
4294967293,69
4294967293,68
4294967293,67
4294967293,66
4294967293,65
4294967293,64
4294967293,63
4294967293,62
4294967293,61
4294967293,60
4294967293,59
4294967293,58
4294967293,57
4294967293,56
4294967293,55
4294967293,54
4294967293,53
4294967293,52
4294967293,51
4294967293,50
4294967293,49
4294967293,48
4294967293,47
4294967293,46
4294967293,45
4294967293,44
4294967293,43
4294967293,42
4294967293,41
4294967293,40
4294967293,39
4294967293,38
4294967293,37
4294967293,36
4294967293,35
4294967293,34
4294967293,33
4294967293,32
4294967293,31
4294967293,30
4294967293,29
4294967293,28
4294967293,27
4294967293,26
4294967293,25
4294967293,24
4294967293,23
4294967293,22
4294967293,21
4294967293,20
4294967293,19
4294967293,18
4294967293,17
4294967293,16
4294967293,15
4294967293,14
4294967293,13
4294967293,12
4294967293,11
4294967293,10
4294967293,9
4294967293,8
4294967293,7
4294967293,6
4294967293,5
4294967293,4
4294967293,3
4294967293,2
4243767290,0
4243767289,0
4243767288,0
4243767287,0
4243767286,0
4243767285,0
4243767284,0
4243767283,0
4243767282,0
4243767281,0
4294967293,0
4294967279,84
4294967279,199
4294967279,200
4294967279,544
4294967279,201
4294967279,85
4294967279,86
4294967279,202
4294967279,87
4294967279,203
4294967279,451
4294967279,89
4294967279,317
4294967279,90
4294967279,207
4294967279,575
4294967279,204
4294967279,450
4294967279,205
4294967279,91
4294967279,206
4294967279,546
4294967279,92
4294967279,175
4294967279,208
4294967279,93
4294967279,94
4294967279,209
4294967279,95
4294967279,320
4294967279,321
4294967279,322
4294967279,96
4294967279,210
4294967279,211
4294967279,323
4294967279,97
4294967279,212
4294967279,98
4294967279,213
4294967279,99
4294967279,278
4294967279,133
4294967279,100
4294967279,214
4294967279,319
4294967279,101
4294967279,217
4294967279,215
4294967279,216
4294967279,102
4294967279,227
4294967279,218
4294967279,103
4294967279,104
4294967279,226
4294967279,105
4294967279,350
4294967279,223
4294967279,220
4294967279,222
4294967279,106
4294967279,107
4294967279,225
4294967279,229
4294967279,224
4294967279,228
4294967279,108
4294967279,109
4294967279,336
4294967279,110
4294967279,452
4294967279,237
4294967279,230
4294967279,337
4294967279,234
4294967279,236
4294967279,111
4294967279,232
4294967279,112
4294967279,113
4294967279,241
4294967279,114
4294967279,453
4294967279,240
4294967279,244
4294967279,238
4294967279,239
4294967279,243
4294967279,115
4294967279,116
